Trame 1 : 
Ethernet : 
	Source address : 08 00 27 38 db ed
	Destination address : 08 00 27 38 db ed
	Type : 08 00
	Data : 45 00 00 73 00 f5 00 00 80 11 35 81 01 01 01 02 01 01 01 01 04 04 00 35 00 5f 6f fd 40 00 00 00 00 01 00 00 00 01 00 00 04 65 74 61 73 03 63 6f 6d 00 00 fb 00 01 c0 0c 00 06 00 01 00 00 0e 10 00 2f 0d 74 72 61 69 6e 69 6e 67 32 30 30 33 70 00 0a 68 6f 73 74 6d 61 73 74 65 72 00 00 00 00 03 00 00 00 3c 00 00 02 58 00 01 51 80 00 00 0e 10 4d 53
IP : 
	Version : 4
	IHL : 5
	TOS : 00
	Total length : 00 73
	Identification : 00 f5
	FragmentOffset : 00 00
	TTL : 80
	Protocol : 11
	Checksum : 35 81
	SrcAdr : 01 01 01 02
	DesAdr : 01 01 01 01
	Options : None
	Data : 04 04 00 35 00 5f 6f fd 40 00 00 00 00 01 00 00 00 01 00 00 04 65 74 61 73 03 63 6f 6d 00 00 fb 00 01 c0 0c 00 06 00 01 00 00 0e 10 00 2f 0d 74 72 61 69 6e 69 6e 67 32 30 30 33 70 00 0a 68 6f 73 74 6d 61 73 74 65 72 00 00 00 00 03 00 00 00 3c 00 00 02 58 00 01 51 80 00 00 0e 10 4d 5
UDP : 	Source port : 04 04
	Destination port : 00 35
	Length : 00 5f
	Checksum : 6f fd
	data (udp payload) : 40 00 00 00 00 01 00 00 00 01 00 00 04 65 74 61 73 03 63 6f 6d 00 00 fb 00 01 c0 0c 00 06 00 01 00 00 0e 10 00 2f 0d 74 72 61 69 6e 69 6e 67 32 30 30 33 70 00 0a 68 6f 73 74 6d 61 73 74 65 72 00 00 00 00 03 00 00 00 3c 00 00 02 58 00 01 51 80 00 00 0e 10 4d 
Trame 2 : 
Ethernet : 
	Source address : 08 00 27 97 3f 45
	Destination address : 08 00 27 97 3f 45
	Type : 08 00
	Data : 45 00 00 f3 0d d1 00 00 80 11 28 25 01 01 01 01 01 01 01 02 00 35 04 04 00 df 2f 0a 40 00 80 80 00 01 00 05 00 00 00 00 04 65 74 61 73 03 63 6f 6d 00 00 fb 00 01 c0 0c 00 06 00 01 00 00 0e 10 00 2f 0d 74 72 61 69 6e 69 6e 67 32 30 30 33 70 00 0a 68 6f 73 74 6d 61 73 74 65 72 00 00 00 00 04 00 00 00 3c 00 00 02 58 00 01 51 80 00 00 0e 10 c0 0c 00 06 00 01 00 00 0e 10 00 18 c0 26 c0 35 00 00 00 03 00 00 00 3c 00 00 02 58 00 01 51 80 00 00 0e 10 c0 0c 00 06 00 01 00 00 0e 10 00 18 c0 26 c0 35 00 00 00 04 00 00 00 3c 00 00 02 58 00 01 51 80 00 00 0e 10 05 69 6e 64 65 78 c0 0c 00 01 00 01 00 00 0e 10 00 04 01 01 01 64 c0 0c 00 06 00 01 00 00 0e 10 00 18 c0 26 c0 35 00 00 00 04 00 00 00 3c 00 00 02 58 00 01 51 80 00 00 0e 10
IP : 
	Version : 4
	IHL : 5
	TOS : 00
	Total length : 00 f3
	Identification : 0d d1
	FragmentOffset : 00 00
	TTL : 80
	Protocol : 11
	Checksum : 28 25
	SrcAdr : 01 01 01 01
	DesAdr : 01 01 01 02
	Options : None
	Data : 00 35 04 04 00 df 2f 0a 40 00 80 80 00 01 00 05 00 00 00 00 04 65 74 61 73 03 63 6f 6d 00 00 fb 00 01 c0 0c 00 06 00 01 00 00 0e 10 00 2f 0d 74 72 61 69 6e 69 6e 67 32 30 30 33 70 00 0a 68 6f 73 74 6d 61 73 74 65 72 00 00 00 00 04 00 00 00 3c 00 00 02 58 00 01 51 80 00 00 0e 10 c0 0c 00 06 00 01 00 00 0e 10 00 18 c0 26 c0 35 00 00 00 03 00 00 00 3c 00 00 02 58 00 01 51 80 00 00 0e 10 c0 0c 00 06 00 01 00 00 0e 10 00 18 c0 26 c0 35 00 00 00 04 00 00 00 3c 00 00 02 58 00 01 51 80 00 00 0e 10 05 69 6e 64 65 78 c0 0c 00 01 00 01 00 00 0e 10 00 04 01 01 01 64 c0 0c 00 06 00 01 00 00 0e 10 00 18 c0 26 c0 35 00 00 00 04 00 00 00 3c 00 00 02 58 00 01 51 80 00 00 0e 1
UDP : 	Source port : 00 35
	Destination port : 04 04
	Length : 00 df
	Checksum : 2f 0a
	data (udp payload) : 40 00 80 80 00 01 00 05 00 00 00 00 04 65 74 61 73 03 63 6f 6d 00 00 fb 00 01 c0 0c 00 06 00 01 00 00 0e 10 00 2f 0d 74 72 61 69 6e 69 6e 67 32 30 30 33 70 00 0a 68 6f 73 74 6d 61 73 74 65 72 00 00 00 00 04 00 00 00 3c 00 00 02 58 00 01 51 80 00 00 0e 10 c0 0c 00 06 00 01 00 00 0e 10 00 18 c0 26 c0 35 00 00 00 03 00 00 00 3c 00 00 02 58 00 01 51 80 00 00 0e 10 c0 0c 00 06 00 01 00 00 0e 10 00 18 c0 26 c0 35 00 00 00 04 00 00 00 3c 00 00 02 58 00 01 51 80 00 00 0e 10 05 69 6e 64 65 78 c0 0c 00 01 00 01 00 00 0e 10 00 04 01 01 01 64 c0 0c 00 06 00 01 00 00 0e 10 00 18 c0 26 c0 35 00 00 00 04 00 00 00 3c 00 00 02 58 00 01 51 80 00 00 0e 
